$ANSIBLE_VAULT;1.1;AES256
34663434323438313139306436666363323733353934326237396361323531383531313733643866
3638643234346264313033613330363030353438323265370a636262646238353735616462666330
39613136643232383266303261346338633134663536326266396463353734353761373962333035
3730613630623865350a393261656132326431663465613362616534333466376261386135663436
36386165373865386335653664333337663561636638303161333632343062393366336135626265
39636236636636616539303761623931633735613733366437353364613963306462333537636335
62626165316130316663306439666138306532303334366166313162353031633362376335303765
36366331666235653365353166316437623065356263353563383238383733663866666139396463
65346536626461353236303063376638633235376662366361643635653538653562373035386539
38303733353464316633366230376662353165313663366532353033353739323766383935656235
33646635653033646463373738353862353862666433356636363538343831653138336235376532
39366235363264333832643664643939356162376638353137303565616537656530626536306532
35663430363833646130633363336132396163303364396164616264363039663938656161633939
38616466633137336632336235663964316164396233386665613066306333313233383964316662
33663464616665623362393638323966646264636132613161393134613637336565626537383837
37393938623638373233643761386535356539643663643464383862643763376331353936383034
35393432643062303030383465616363366236643338653166653036306161356134643130663038
34633062323566356563353930636563656137653233623439343734303131336162313237623132
66343662383933356465616637313965383436376538363534613538623835616336333036613036
31656462386166666634363833316436303865343330383664303133336631366662393931663133
39616434616231336137346135663132353031373436653632333563313066656139646164383732
64303263643330363932643566656461386532373663626237383633643139313933646264393932
36303936303230336364653263636231353862326236666262613333366334333835616164376163
35386530616430376361343462323365346138346164343730633731623661613934366131313666
36646630663539333136633765613337373731303331653863613366656139653661383939353237
61353565653739383833393037613430316166343339353733376566313032366437663566393833
37663736626338663362306133343534326534313030666430353562646236376633373462623663
36653165313430666431303138633365333964386233346366623335636563356563636461613861
64323837363534313466363234363064336166333336333737663132626635373031343938653434
34646533323737353932363761306634633761336433616531363437393162363034316637323530
39643437666131353739616565666538383766306366356366366332313566613763643635613734
63666339343231353635366563666536363135646161633133666433643635323164666632613234
66383734353139346665383734623134376466346335666231653863343235393534376665663636
34336236343563373135383266353731626631396464663334623339623361396130616637356165
38646263626632616436633232646166323830306265306163363861623065376465346165653830
34663462646231613264393261353134383736313537323531326562666439323936373462613961
64373161313939623665383839333239356635343534353533333863326130666634333766356337
66653830383166363664643538363332383732663561613664633330626233343433623963663239
33623861383832626235633339356533333432623031303731616361313536366532663831303839
61663265393833616466343331623530393164666437656462653635336637386536383233666436
30313034343261336431396331313330653762313263663363616533383336613739373366336363
34376335666639393964343538623836366163643639303230303061656134386433666665353066
39336638653765343838656138306136636138326265616232373262636131386131316266353936
65363534373730616230353134613236633836306138356433343330633639613430383733376437
62356662633236323961626238306562643864663063333332306437656263663962363864393739
38656635396230646330626163653563653737303835626234356665323135616635333736626130
35313430666638613532373036306436656535363661643661613832343664643139373833636538
35636133343265646437623965323964313363333164633163346463633166333665613231316335
36666162366564326534303035323063646135613961303636623330626439363435623236393639
64396664656563646636313532306665336135393964306133363834366330343837636438303766
30616136316363626438376561323038376532643036626239393039356465653231636365353665
39303938643531373338613464616431323136636334653938626363646362656238346266663464
30663866326231336132353430383334613739346262653366393162313338633264656235306635
65636463386633323137373065333338393437653239643538373233313335363631656438393932
30373633656634646431633035346135636363666539303435663733643166346234383462376237
32393064613935343838643930326434393739336266366263623136663437306339316262386462
65313365386433356466613730646563396333616666653065383961333539633064343830633939
65383030343039306461393739343031626338646232323262623831623364386666333431653832
35646636633263333532633261663133383732623330306433323536366166643661333731376561
37636266393638386666623661336261323263643230383763663133626261313139316661336538
62346465636130346535663130383938636434633233333662636161623130663761633530323966
33393937643738313763663631663636373635373532373466663433633232343662356638386430
62353835646339353635376338376366653233366333343938653238633261316135633265393031
35366462346339343863393164663565323466303236386230306664336162643237623732376436
66393037346639393230373064323436343834386664383665386264626535376264636339656466
33396133613035666533376234346535623663653866636666613938663565353363333330313661
34313461373462356465636337393364376431633534386638633330313234316662306131646133
36656563336437633436316461656331396335316636363762616264303362396131616666316431
36376630376461343938616335386534663132316637323634316230643739663930336463383636
66613161363062646662373531313864376636313933326639376166326162373461343230333438
64326463306462396233346134353163346136633062653833616433663261303635643366336361
30376633316162663364653639396265376332363061646230353165316631343133393934616137
30353933366134306261316537666632323939363662313531653338613935346635633663313165
37383235613461323738313038346665333230663562366366663265316463336461613937653661
63623234386262326138666134643031396238363161643432616335366466613833346664616632
35393238313765303439643962656236333235306264626439643730353834336364656165623136
63333165333462333362336139633862323964653637666536366463643834643833326533656539
63313261326137363935323431643531666238666362636530333037336233633037336263386330
36356230326639323065326666616633616566643733336437666539633539326132623261626137
33346637386666653034343737323866663664616362376434343963666233646132623135393063
32346630363732616236663765346530643039316537636564653966353134653062393635613861
32316338323631613532666266306635663839306162653833623231353933666530383461633034
32346633393534386263623438353333333939326533646166323738396164363061376231396530
33376131343965666538333632366163353530633664366130303462616537383632353936373465
63363434323666366131363032656132393237313039626339346136333561643136363235346336
32666636653537653235356362353336323466306330373465363837303736333364656133376337
31633239313132633336386566353461313631383764656364646662313334316263633137333536
61653733353837393635636462346430393165393732393863323966303639653064346564623136
61653062616538373133323662623930323461323862386637656363616437643635316133353766
38333866356164386466643363653134313465333633393463366431393931656166366530383334
31366235366262626233636532666562323835666331653064393766396630643465626661383336
36336235316337373863653165666363663366393337373033626562383932373935626237623932
32383461633262316261386234643838613339303833313531376334346566343332653032343337
61313433613362633861346232626331303738353965656236366164336164316166383462656438
33303036373864633965343532393865656436386633626465333765373163623336346434363130
34343934626439373238316162616533303261356566643465346133623338323532626434643535
36386264306237343165383635323062396135386338346539353737356462306536303236633366
64373738653336353163646535633034643339396535373236633136656666386164336362643131
31383133633231656431353332396437666537373765383836626466356530666166623061663730
35386430356265356238653963366564396261313936313961306330666336303337373238333930
33363764646333623364373332636634633537383234303965666666346333306236616462663662
33343934366632303037393562383466643839613362326662306165623966386532343433313938
62383264613131633133396639643366383361353063343731366666313738633232623038326536
36366232373434386632306131663735643762356530646462623965393932383333316664396638
39303835376532663766383663373366636666353266343066323930306631396335353832666266
36313838633537613961303235306263636361376437653566313835373237383639366461636336
34393836616230613935323332323438386334663633646530383238626635653732303135613232
65313032313631616334663766666437313830373832636539656163313039366161363633396335
65336665643330306630666432313162613833643736373564663361343530616333623033343066
36373733393262623161356133626138323865373530393338373436646263626133316365346534
35643830626338643530626137383732376534656164643231363663323166303065616562376666
34303163363163356536653230653635363661646533646464663831646338386461626637376666
37336238353134316633633865626231353937343963373637313330373837353933303266326139
31393737353738643534643163623131353537303733323766376237316365623037363662346338
32306330623035626339396335343362633032366664636662666538353932653439393530396661
64663431386363643062643938353437363234636263353361333039643865386365613836353235
39393138393438363437613736393466343239313631333731623434343965653234373732646437
30313639666235323330373535313863643462623638663463303963643563333162633832396164
30656636373932626434616662323866623033653936333561633465616465623132303663356662
32316161646236663466383436323863396137333433633734313164653065616665353038636533
35386461366337623633393865653463643536643335333031663637653831633332366562373462
37353162383533333831376631666263366635353732343538363239383631393535653533616532
35346235383637623065633365613361396634303636353765633430323037353734663131646339
31373563316635613162666238346338373561643666663033373233306632636131663164623735
37383366623162323865646334356365333838646535343736353132373532303865346131643138
37646262306433663530386635663566623038383835313839623165653533663666363537616539
65653033376138336566373838376631653166616466346266666333656264393831663637666261
33346664613138366130333631616364613332363331623230323335376332363933303866613466
36393465366337633037336162383631393665353331383563653536353731626331636232656361
39343031656533303366366561393363653439656162356533356234323033316438623563336537
37323061623837373832363064643461333835336438363138373563323832653931633039376332
32306635363866363866626538353261383264326230666363646666356265653830396236623730
30363232363336323664303265666666363231383361613033363663326234383263653963666565
66396464373233333133373866323765316439636336343238646462333539333738373031336538
30336137613234316432626331383838313333356239623238376233376662666337303866616561
39396561613534333764306365643733313930343032303261333039383531663033383135343061
3966
